2.397899866104126
1.7288966178894043
2.686232089996338
3.4853055477142334
4.907185077667236
1.2720081806182861
1.4905211925506592
3.8366286754608154
4.0500054359436035
1.8969969749450684
2.712562084197998
2.5954928398132324
5.4387054443359375
2.643486738204956
3.521271228790283
12.302996158599854
2.7808549404144287
2.9080817699432373
1.8627510070800781
2.8125412464141846
4.993147611618042
1.9709627628326416
1.3406610488891602
1.4718315601348877
4.701945543289185
2.573988437652588
2.370445966720581
4.11868143081665
2.60943341255188
1.6081182956695557
1.5614979267120361
4.472713470458984
2.0893490314483643
3.2701399326324463
4.510524272918701
3.057152509689331
3.0507729053497314
3.029750108718872
4.058868646621704
2.025700330734253
2.0107016563415527
3.388272285461426
1.7789368629455566
4.226052761077881
2.0844175815582275
2.0762956142425537
1.925102710723877
2.670069456100464
1.4376435279846191
1.577261209487915
6.015082597732544
1.516489028930664
3.6643033027648926
6.369203329086304
1.4782664775848389
2.317140817642212
2.670370578765869
1.4676775932312012
1.9376213550567627
2.663691997528076
4.327769994735718
2.6026508808135986
3.6816320419311523
1.8443808555603027
2.3530843257904053
3.8392386436462402
3.3395988941192627
1.390655279159546
1.619455099105835
1.5000009536743164
4.65598201751709
2.970254421234131
2.7343764305114746
1.8593745231628418
3.6768715381622314
6.079685926437378
3.9236903190612793
3.1519970893859863
4.149355411529541
3.6406280994415283
3.013338565826416
3.755725145339966
1.7423958778381348
2.202448606491089
1.3621675968170166
1.6639652252197266
1.5505461692810059
2.2463626861572266
1.7999145984649658
2.7171666622161865
1.8000006675720215
2.6839373111724854
3.213923215866089
3.2249698638916016
5.261596441268921
2.3750507831573486
4.291453838348389
1.5178639888763428
1.5453639030456543
2.2830557823181152
1.4263646602630615
1.4288172721862793
1.7021114826202393
3.7065060138702393
2.492465019226074
2.6291821002960205
1.368511438369751
2.609936237335205
2.024850845336914
1.6122040748596191
3.1268210411071777
4.406225681304932
2.090336561203003
1.986401081085205
5.292613506317139
2.3319807052612305
2.422297954559326
1.855940341949463
3.0023574829101562
2.2965521812438965
2.157623052597046
1.9235031604766846
2.337491273880005
3.4674901962280273
1.4115021228790283
1.8451638221740723
1.1964654922485352
2.497506618499756
6.321706771850586
2.768507719039917
2.2048885822296143
1.83555006980896
1.9984667301177979
4.8875792026519775
1.9578139781951904
2.473464250564575
3.100041151046753
2.0890514850616455
2.6021783351898193
2.698782444000244
2.8161685466766357
2.6869096755981445
9.01425838470459
5.087411403656006
5.7638585567474365
2.533799409866333
5.332571506500244
2.631901502609253
3.416354179382324
2.847581148147583
2.7737045288085938
1.6087477207183838
2.081580877304077
3.0708231925964355
2.7902462482452393
2.7199199199676514
2.092914581298828
2.950063467025757
3.9780144691467285
3.8654749393463135
1.841127634048462
3.880155563354492
1.769374132156372
5.453138113021851
8.915154695510864
5.688715934753418
2.8088178634643555
3.3560497760772705
2.638256788253784
2.792261838912964
1.4198646545410156
2.1614389419555664
3.8933558464050293
1.3589282035827637
2.429137945175171
4.077075004577637
3.407911539077759
1.3198039531707764
2.564804792404175
4.933436632156372
2.3123223781585693
2.171874761581421
1.6093928813934326
1.359182596206665
1.7812526226043701
2.671872615814209
1.2368700504302979
2.7499890327453613
2.8133671283721924
2.140625
2.3851430416107178
1.3749911785125732
1.2031233310699463
5.196688175201416
1.93851900100708
3.27244234085083
1.8809483051300049
2.2581958770751953
13.788468360900879
7.378990173339844
3.464000940322876
2.5670013427734375
2.3199994564056396
2.3570008277893066
2.036029577255249
1.738997220993042
1.666006088256836
2.5759899616241455
2.3199918270111084
4.910979270935059
5.10198450088501
2.525998115539551
1.4050037860870361
3.0469937324523926
2.464021682739258
2.7432987689971924
4.717004776000977
3.693962335586548
3.310999870300293
3.687998056411743
3.5418338775634766
2.4218714237213135
2.102933883666992
2.312009334564209
2.5975098609924316
2.6470401287078857
1.4317066669464111
2.6044368743896484
1.4432404041290283
3.099980354309082
2.7933456897735596
2.9750781059265137
3.410031318664551
1.9884557723999023
5.352543115615845
1.7152812480926514
3.6297316551208496
1.4776523113250732
1.9861626625061035
3.3785200119018555
1.4875974655151367
3.025226354598999
2.8119735717773438
1.948408842086792
2.317404270172119
1.3564527034759521
5.074190378189087
2.0609946250915527
1.7904102802276611
3.2652738094329834
2.000556707382202
1.5576367378234863
3.4340617656707764
1.825798749923706
1.528254508972168
1.3744513988494873
3.0002026557922363
1.9118661880493164
3.0325679779052734
6.270629405975342
2.045151710510254
2.6927974224090576
6.305472373962402
2.1428587436676025
3.947514057159424
4.793181657791138
8.736696720123291
4.514556884765625
2.917234420776367
2.847036600112915
2.629333972930908
1.9498896598815918
6.156635999679565
2.1434783935546875
4.150494337081909
2.0010645389556885
2.230048894882202
3.3924756050109863
2.2622976303100586
1.6606497764587402
1.7425506114959717
2.3813257217407227
1.4927659034729004
2.282198905944824
3.2999417781829834
1.1895079612731934
2.408947467803955
1.7195210456848145
2.391017436981201
2.062472105026245
2.9490859508514404
4.300737142562866
4.529488801956177
1.453446626663208
2.369966506958008
1.6291205883026123
2.657093048095703
1.7795970439910889
1.8476722240447998
2.9349076747894287
2.9169509410858154
2.836962938308716
2.1452670097351074
2.6064093112945557
2.443671941757202
1.4634454250335693
2.7767891883850098
1.5725531578063965
1.7828497886657715
4.163392066955566
3.082763433456421
3.263845682144165
2.399656057357788
4.675590753555298
3.4183874130249023
7.437417507171631
7.70300030708313
3.905832052230835
4.330343723297119
1.8058173656463623
2.523219108581543
1.7073872089385986
2.005627393722534
2.535834550857544
2.0369317531585693
3.5680630207061768
1.7217357158660889
4.956771612167358
4.0805957317352295
1.482710838317871
1.4076478481292725
1.375962495803833
1.741628646850586
3.3146984577178955
4.573886156082153
2.033247947692871
1.8080699443817139
2.1633074283599854
2.313469886779785
1.5307750701904297
3.059290885925293
2.273027181625366
2.9917924404144287
1.8725392818450928
2.306060791015625
2.2634685039520264
1.7653608322143555
2.716740369796753
3.930450677871704
1.9673123359680176
4.06920313835144
2.0486483573913574
2.3357126712799072
1.5108728408813477
2.0830092430114746
2.139631748199463
2.259058713912964
1.8159286975860596
2.582144021987915
2.0316989421844482
1.9699690341949463
4.0343053340911865
2.2480287551879883
2.6019821166992188
3.1430184841156006
2.3219974040985107
2.932950735092163
8.598511695861816
2.8718137741088867
3.3232264518737793
1.8115503787994385
1.526411533355713
2.34368896484375
3.2605791091918945
1.8510878086090088
2.252295970916748
2.3139848709106445
2.3340563774108887
2.829010486602783
1.334656000137329
5.317824125289917
2.4289181232452393
3.685650110244751
2.783674955368042
7.163999080657959
3.684150218963623
2.4879965782165527
2.2063498497009277
2.0410635471343994
2.3227200508117676
1.406264066696167
1.8181629180908203
1.9062473773956299
1.5780918598175049
2.4575207233428955
1.2812461853027344
1.968733310699463
1.8014440536499023
3.046882390975952
2.9357807636260986
1.9218764305114746
1.2544517517089844
2.121415138244629
3.2346904277801514
1.9374885559082031
1.749997854232788
1.5526158809661865
3.8750147819519043
2.139554262161255
1.5625150203704834
2.145573139190674
2.4062633514404297
1.8750011920928955
2.9623327255249023
2.629669666290283
1.671844482421875
1.687497854232788
2.284823417663574
1.921884536743164
1.9218652248382568
1.537740707397461
2.6250009536743164
1.4279327392578125
1.4230573177337646
1.8605232238769531
5.291475534439087
6.030124187469482
3.462029218673706
2.4792189598083496
5.529037237167358
6.190259695053101
2.321401357650757
2.156890392303467
1.78645920753479
2.0048043727874756
1.7556180953979492
2.0025129318237305
2.0125396251678467
2.7381162643432617
1.9746589660644531
2.8686587810516357
1.733506202697754
2.364673614501953
3.8264169692993164
3.9905216693878174
6.032360076904297
5.7002527713775635
2.388373613357544
2.913267135620117
2.0849897861480713
2.4842352867126465
1.6110477447509766
1.7769479751586914
1.7092297077178955
2.727560043334961
5.913127183914185
1.3382244110107422
4.720683574676514
6.846490144729614
4.377249240875244
1.5724492073059082
4.957731485366821
4.045616149902344
3.091295003890991
3.38334584236145
3.7071704864501953
1.783775806427002
2.034391164779663
3.2389957904815674
2.214488983154297
6.9399192333221436
7.996545791625977
5.395010948181152
6.427182912826538
3.8353230953216553
2.4890992641448975
2.676086902618408
3.7236242294311523
5.060761451721191
4.0790698528289795
2.9340274333953857
2.268474817276001
3.6532094478607178
2.080930709838867
2.1942014694213867
5.858983278274536
5.740706920623779
1.9788928031921387
2.717480421066284
1.3624029159545898
2.4804117679595947
3.413158893585205
9.0137197971344
2.4958720207214355
1.8745756149291992
3.192061185836792
2.0131497383117676
2.5946218967437744
2.9340033531188965
3.320460081100464
1.978041172027588
1.745762586593628
4.236063480377197
2.6309075355529785
2.031512975692749
3.406384229660034
3.9971578121185303
2.087226390838623
1.9757895469665527
2.843249797821045
2.176016092300415
2.4293856620788574
3.253387928009033
4.265559673309326
3.6668927669525146
1.596278190612793
2.537504196166992
2.849804401397705
6.253417253494263
7.2496678829193115
3.364748001098633
4.215929985046387
3.242241859436035
4.190839052200317
3.003643751144409
3.5279040336608887
5.154298305511475
5.822291851043701
2.9688684940338135
2.64770245552063
2.80147123336792
7.369504928588867
2.99308443069458
2.441089630126953
3.188422679901123
1.9762966632843018
1.9667787551879883
2.1012825965881348
3.9292330741882324
3.302340269088745
2.7708990573883057
3.348135232925415
3.121548891067505
1.9779138565063477
3.3184304237365723
2.9587841033935547
1.6586782932281494
1.7143824100494385
2.4878644943237305
1.6016223430633545
2.3265485763549805
1.55828857421875
1.877617597579956
2.8878977298736572
2.574594259262085
2.3135523796081543
3.5784695148468018
2.7750322818756104
2.3278214931488037
2.0395541191101074
1.551927089691162
1.2869453430175781
2.4444706439971924
1.507606029510498
1.7372498512268066
1.2874023914337158
2.587771415710449
1.988706350326538
1.930856466293335
1.9623713493347168
2.6084020137786865
3.0958712100982666
2.2087981700897217
2.306504249572754
1.9899766445159912
2.633868932723999
1.348402738571167
1.3819050788879395
2.3169186115264893
1.6620590686798096
1.5864808559417725
1.741044282913208
4.027917861938477
2.36694598197937
3.198361396789551
1.7864549160003662
1.914804220199585
1.7231974601745605
2.0725998878479004
2.09798526763916
1.394803762435913
1.8661580085754395
1.8653831481933594
2.7601847648620605
1.882608413696289
2.3672935962677
2.24261212348938
2.2242484092712402
4.412973642349243
3.586625099182129
3.2245945930480957
3.6075220108032227
3.2158892154693604
2.569448947906494
1.681713581085205
2.7848124504089355
2.661104440689087
2.1191115379333496
5.476812124252319
3.9171080589294434
2.431185483932495
1.536839246749878
2.506974220275879
2.7260658740997314
2.975876808166504
1.9297213554382324
1.2992334365844727
1.3984456062316895
3.165696620941162
1.7397880554199219
2.5199828147888184
2.0385680198669434
2.7257654666900635
2.823133945465088
2.776843309402466
2.006084680557251
4.055325984954834
3.8986732959747314
1.5938081741333008
1.9738686084747314
5.583434104919434
3.2566349506378174
4.117705821990967
2.555485963821411
2.260590076446533
5.101819038391113
3.6054999828338623
1.1775355339050293
1.5084993839263916
1.9890894889831543
1.4976696968078613
1.482811689376831
3.317143440246582
2.9680018424987793
1.3719947338104248
2.1820223331451416
2.9069128036499023
2.5485262870788574
3.4264097213745117
2.5593769550323486
2.0802536010742188
2.7090904712677
1.619267225265503
2.447251081466675
2.4811911582946777
1.8077261447906494
2.037389039993286
1.7543907165527344
2.2801928520202637
2.8172812461853027
2.642012357711792
1.803462266921997
3.900027275085449
1.879777193069458
3.243239641189575
1.5273373126983643
2.019247055053711
2.2318787574768066
2.885648250579834
5.156915903091431
3.377462863922119
4.299921035766602
2.948221206665039
2.738595485687256
3.4364418983459473
2.2847816944122314
1.3411054611206055
4.091670751571655
1.6906087398529053
3.0510377883911133
2.161971092224121
3.055896520614624
2.3670787811279297
1.7370097637176514
1.8274164199829102
1.772364854812622
2.959221363067627
2.1149041652679443
2.8685641288757324
2.8827085494995117
4.25325608253479
1.380481243133545
2.4122042655944824
2.085629940032959
1.9893112182617188
2.691211223602295
3.0941643714904785
3.6250107288360596
1.2117087841033936
1.5740575790405273
1.546389102935791
3.697068214416504
1.7456214427947998
1.7682151794433594
1.635037899017334
1.8515722751617432
2.042661428451538
2.797217607498169
4.190199851989746
2.1470494270324707
2.4708924293518066
2.1910486221313477
3.1576101779937744
2.497476816177368
3.0781514644622803
1.6158254146575928
2.1092610359191895
3.576364040374756
3.0017497539520264
3.5316810607910156
2.5209128856658936
4.851428985595703
5.614687442779541
3.3658411502838135
2.585986614227295
3.9524505138397217
2.919072389602661
2.616856098175049
2.0643649101257324
2.580434560775757
4.220102548599243
2.09999942779541
2.569593667984009
2.5496296882629395
5.144302606582642
2.213580369949341
2.475287437438965
1.5067992210388184
2.6792185306549072
2.4765870571136475
2.7729053497314453
2.821589469909668
3.835977077484131
2.728090524673462
1.751917839050293
2.0305447578430176
1.6220753192901611
1.7913119792938232
3.593655586242676
2.8122665882110596
1.7720520496368408
3.3425257205963135
2.0739078521728516
4.804098606109619
2.775688409805298
1.752460241317749
4.224902868270874
3.187516450881958
1.7659924030303955
4.765074729919434
3.2153360843658447
3.663907766342163
6.534913063049316
2.6628148555755615
1.9188005924224854
4.84158992767334
2.25669264793396
1.8064470291137695
2.538745880126953
1.5833544731140137
3.4173660278320312
3.7936060428619385
2.7283618450164795
1.9614953994750977
2.051584243774414
2.0865042209625244
4.389816999435425
3.3240418434143066
1.8823144435882568
3.7634847164154053
2.3585503101348877
4.70966911315918
2.6661875247955322
1.5226800441741943
2.647104501724243
2.8861069679260254
3.736959934234619
2.497345447540283
2.348336696624756
2.0937659740448
1.727018117904663
1.8091018199920654
3.7471768856048584
2.476306676864624
3.7463772296905518
2.2163543701171875
1.3550856113433838
1.8786897659301758
3.337726354598999
2.440011978149414
1.8741178512573242
1.7135372161865234
2.5419743061065674
2.067788600921631
1.808190107345581
1.975365161895752
2.239506721496582
2.9723076820373535
4.785099983215332
1.6789989471435547
3.1990513801574707
3.1471447944641113
1.9934802055358887
2.651221990585327
1.6676480770111084
1.8794660568237305
3.2859649658203125
3.3232526779174805
3.5038561820983887
3.662893533706665
3.122129440307617
3.9459452629089355
3.5497817993164062
2.2674643993377686
2.0854153633117676
3.9864771366119385
2.972776174545288
5.75942587852478
1.5263240337371826
3.2293734550476074
1.5499491691589355
1.7697522640228271
2.1907269954681396
2.2584567070007324
1.3470783233642578
3.041449546813965
2.0902745723724365
1.6826746463775635
2.0257370471954346
2.2452549934387207
1.9677493572235107
2.09206485748291
1.9746277332305908
1.5823307037353516
2.781493902206421
2.723625898361206
1.8069524765014648
3.1500582695007324
2.583575963973999
4.034773588180542
1.7352886199951172
1.952324628829956
1.8520500659942627
1.4479639530181885
3.4214224815368652
1.6920967102050781
3.041160821914673
3.0224833488464355
1.5636789798736572
3.4317305088043213
2.944265604019165
1.9986052513122559
1.6167004108428955
1.9299342632293701
4.817997932434082
2.348173141479492
1.5616843700408936
2.6588892936706543
3.4508657455444336
2.5407512187957764
3.502152681350708
2.369023323059082
1.7267518043518066
1.5664196014404297
1.4748024940490723
2.2498083114624023
2.765256643295288
3.440412998199463
1.8959081172943115
3.097649335861206
2.8698859214782715
2.3733561038970947
2.0464649200439453
2.1906561851501465
2.681429862976074
2.918923854827881
2.3672969341278076
2.369601011276245
2.353562355041504
2.4562952518463135
3.400606393814087
4.21925687789917
1.4287335872650146
3.2833731174468994
2.6433494091033936
1.5845489501953125
1.5964081287384033
1.987297534942627
2.1787450313568115
1.7574462890625
3.535994052886963
3.2869455814361572
1.9935142993927002
1.7348084449768066
2.5024197101593018
1.5434470176696777
3.5721116065979004
1.5888829231262207
1.6631989479064941
2.6616432666778564
2.906588554382324
2.850388526916504
2.3096230030059814
1.9374001026153564
1.7110238075256348
3.4608922004699707
3.086705446243286
1.8120336532592773
2.8618438243865967
2.8618876934051514
2.633368968963623
1.3553144931793213
3.723395586013794
2.973226308822632
2.739396572113037
1.9097039699554443
3.0483758449554443
2.3487548828125
1.784867286682129
1.972013235092163
3.787909507751465
2.0473289489746094
1.9636273384094238
1.566892385482788
2.757258415222168
1.5609917640686035
3.2116034030914307
2.576401472091675
4.410153388977051
1.9441649913787842
2.333928108215332
2.3982324600219727
1.5080180168151855
3.290342092514038
1.8816008567810059
2.12274169921875
1.9604864120483398
2.107556104660034
2.1762540340423584
5.661911487579346
1.7387018203735352
2.5581045150756836
2.6726667881011963
2.900515079498291
1.9527039527893066
3.1318349838256836
1.8399176597595215
1.6120316982269287
1.8500685691833496
1.997868299484253
2.350423574447632
1.650489330291748
2.6447460651397705
1.5912375450134277
1.9609086513519287
3.5035440921783447
1.652008295059204
3.0585994720458984
1.2489454746246338
2.8672447204589844
2.5925207138061523
4.291862964630127
1.9625318050384521
3.719989538192749
3.418750047683716
4.721383094787598
1.796867847442627
2.398667573928833
3.3121044635772705
3.6557931900024414
3.52524733543396
1.295259952545166
1.2532641887664795
2.9106571674346924
2.027524471282959
2.8377270698547363
2.9500956535339355
1.9833760261535645
2.933156728744507
2.638216018676758
1.6158106327056885
1.706732988357544
1.4090874195098877
1.5675199031829834
2.8078033924102783
2.5987720489501953
1.9092700481414795
3.064969301223755
5.537960052490234
1.7087693214416504
